106320748
107964572
110307563
110689328
113236951
113382242
113444498
113676073
113676638
115297643
119924643
133261884
134164059
134359556
134400856
134722431
135408297
136549390
136729452
139226077
139234636
139340418
139762882
139893521
140209243
140467687
141413584
142048761
142492702
145346714
145749582
146242031
147507139
147716804
147951556
148292758
149110467
150137607
150732345
151233963
151238639
152994131
153402769
153419384
153955265
154306142
154523978
154843809
155430881
155815179
156367391
157795732
158045723
158052730
158684056
158857126
158969111
160065790
160578310
161398465
162001965
162416633
162835695
163222121
163764942
165733775
166167794
166175957
166274326
166793359
167062958
167506897
168173517
168757677
168943170
169228849
169460600
169521605
170104914
170248971
170704457
171558205
171676706
171867848
172580971
172978869
173202607
173648781
173672966
173702609
17635245
177024203
177838205
178429536
178720458
178760264
180505517
180825256
181563010
181564809
181642538
182243063
185043402
185198818
185325354
185643092
187520602
187573619
188088261
188129449
188466329
188697324
190949564
194893972
195102482
197342531
197836650
198119787
198155585
198615345
198928658
199737892
199901833
201070500
204890244
206695490
208112009
210037132
210082109
210711790
211530570
212280549
212882477
213158517
213172565
213879601
213884894
216406377
216613170
217218043
217295963
217603904
218447499
219248351
222181780
222268568
224518772
224857233
225382161
225408725
226618582
226711773
227167042
227438422
227760550
231553969
232158341
233856626
235611574
235842922
236191923
236196950
236659203
236827092
237075761
237223719
237667839
237785457
238728815
241765505
241771249
241786800
244461221
245721261
247125309
247627343
248392213
249428030
250978348
251209950
251485304
254872053
255208457
255905285
25812263
258430252
258595761
260317410
260318099
260887206
263186290
263951838
267720931
267726012
272101001
272676424
275496052
275679485
275862458
276359062
278863943
279313620
284893223
285963548
286342366
287188668
288250975
288396068
291196160
292635019
293092048
298930977
299522496
301921303
303671931
304236533
310094032
319717336
320719949
321165653
321201950
321371035
323311698
326167914
327042667
332418822
341093154
34261208
344887804
347424894
347710264
347740362
348865725
348989447
352370137
354119555
354276716
359613207
361796831
362649523
363475625
367224965
367485159
368671199
373966139
376890726
379339296
388669298
389075554
396465117
398260364
401905314
403819326
404902181
424833535
428283778
430961941
432061318
439442026
445133383
447203538
449329331
452300558
452304860
453704382
454584756
457818492
46034949
460744650
462396382
467534037
470752793
472344765
473108671
475282603
480479612
48559111
485667178
486882942
487242111
487575985
495499684
503147434
504087962
516512720
518604536
530667774
535153205
544391670
547974236
549350532
554771413
566621718
583969355
589782088
590703249
64063707
648553855
65420022
70694332
72127691
73283810
89688015
90246097
94102845
94477576
96638262
98098485
99524699